1000
9 75 1
58 89 1
75 94 2
8 70 1
42 49 2
21 86 1
98 99 1
37 41 2
100 100 2
7 19 2
61 66 2
22 63 2
40 46 1
51 74 1
73 79 1
31 55 2
12 36 1
87 89 1
45 96 2
45 86 2
24 52 1
26 81 2
39 48 1
40 91 1
88 97 2
35 57 2
14 49 2
33 75 2
91 95 2
14 56 1
9 41 2
10 58 1
92 100 1
55 97 2
51 65 2
23 23 2
75 86 2
45 83 2
80 98 2
13 95 2
61 78 1
85 89 1
3 68 2
82 95 2
79 92 2
33 58 1
33 49 1
4 20 2
61 86 1
56 82 2
79 89 1
95 96 2
54 54 2
91 96 2
66 79 2
71 99 1
19 91 2
1 70 1
69 95 1
9 93 1
68 99 1
21 78 2
35 68 1
21 66 1
44 57 1
52 79 1
78 92 2
59 86 2
61 93 2
25 28 1
68 83 2
39 43 1
76 76 2
40 81 2
35 72 2
20 81 1
49 77 1
94 98 2
50 60 1
69 78 1
51 84 2
13 53 2
74 80 1
4 46 1
33 68 1
76 86 2
34 34 1
50 93 1
9 14 2
92 95 2
93 95 2
1 4 2
46 63 2
27 34 2
53 93 2
42 55 1
37 90 2
51 70 2
81 97 1
59 82 1
32 43 1
67 69 2
17 43 2
85 99 2
68 92 1
95 100 2
100 100 2
77 84 1
52 100 1
44 75 2
14 74 2
21 76 2
14 37 1
11 30 1
57 57 1
4 66 1
21 31 1
89 93 1
94 100 1
77 88 1
16 60 1
59 64 2
31 91 1
10 12 2
55 80 2
15 37 1
56 80 2
3 50 2
22 25 2
19 63 1
95 96 2
84 100 1
11 82 2
5 87 2
30 55 1
35 45 2
78 86 2
1 74 2
43 95 2
65 92 2
99 99 1
66 77 1
77 80 1
15 31 2
96 97 1
83 87 1
41 89 1
70 83 1
89 96 2
66 73 2
32 75 2
40 92 2
68 99 2
53 73 2
52 72 1
93 94 2
26 30 2
77 77 1
36 58 2
49 97 1
41 68 1
20 99 1
36 60 1
68 100 1
22 24 1
32 53 1
42 62 2
85 85 2
85 99 2
11 35 1
53 89 2
81 96 1
42 58 1
53 58 1
57 57 1
24 52 2
5 82 1
61 98 1
52 99 2
78 92 2
7 28 2
55 58 2
18 26 1
67 81 2
61 93 1
96 100 2
4 97 1
47 75 2
18 66 1
50 79 2
81 93 2
66 70 2
1 57 2
46 57 1
65 70 1
72 89 1
93 97 2
31 94 2
87 90 1
88 94 2
28 36 1
30 32 2
32 52 1
50 65 2
82 90 2
92 92 1
43 55 1
99 100 1
92 93 1
77 88 1
60 98 1
73 98 2
88 89 1
84 99 2
87 99 1
25 79 2
5 32 1
52 86 2
58 89 2
71 99 2
32 76 2
68 85 2
6 88 1
40 79 1
19 49 1
26 40 2
74 96 2
84 98 2
38 62 2
44 81 2
56 77 1
92 92 2
93 98 2
65 95 1
61 67 1
19 69 2
25 58 1
63 94 1
37 59 2
51 54 2
18 94 1
64 66 1
2 47 2
48 90 2
26 89 2
100 100 1
47 100 1
71 86 1
25 50 2
82 87 2
45 69 2
29 98 2
62 69 1
18 79 1
52 78 2
77 88 1
81 98 2
85 90 1
75 93 2
92 100 1
49 92 2
85 87 2
51 55 2
7 25 1
65 95 1
83 86 1
27 31 2
15 34 1
81 95 1
73 92 2
3 71 1
85 94 1
13 87 1
32 39 2
20 86 2
58 58 1
72 81 1
16 85 1
43 85 2
66 100 2
88 98 2
95 96 1
83 89 2
44 92 1
8 18 1
31 41 1
79 81 1
96 97 1
27 74 2
78 92 2
25 25 2
36 66 2
11 53 2
88 90 2
25 92 1
17 61 1
98 99 1
69 70 2
43 73 1
70 77 1
37 92 2
78 92 2
33 51 2
62 84 1
19 65 1
74 96 1
84 94 1
92 96 1
68 85 2
90 94 1
29 48 1
23 74 1
53 64 2
89 93 1
37 63 1
13 92 2
72 95 2
13 52 1
47 94 2
3 74 2
49 67 2
39 61 2
57 91 2
15 62 2
85 91 2
71 94 2
57 67 2
94 98 1
69 94 1
67 83 1
63 82 1
27 74 1
18 99 1
50 68 2
52 63 1
46 89 1
83 94 1
100 100 1
32 92 1
94 100 2
96 100 1
30 86 2
50 54 2
27 72 2
38 80 1
54 54 2
46 88 2
59 73 1
61 86 1
79 90 1
38 90 1
99 100 1
44 68 2
60 87 1
1 68 2
40 82 1
40 72 2
70 88 1
10 58 2
79 85 2
72 90 1
37 63 2
84 93 2
23 70 1
54 84 2
53 84 1
10 64 2
82 97 2
79 83 1
27 42 1
44 82 1
57 69 1
18 72 2
66 89 2
60 100 2
46 76 1
35 90 2
68 97 2
48 70 1
63 65 1
91 100 1
45 74 1
23 26 2
59 89 2
18 78 1
92 98 2
94 96 1
37 83 1
48 55 1
9 62 2
27 90 1
13 23 1
2 96 1
90 100 1
46 78 2
77 79 2
97 98 1
37 37 2
13 90 2
86 97 1
100 100 2
90 99 1
27 80 1
58 60 1
7 12 2
49 70 1
31 67 2
81 92 2
35 81 1
79 92 1
23 52 2
28 61 1
50 77 2
17 83 2
87 97 2
3 52 1
97 100 2
10 78 1
56 74 1
41 70 2
50 58 1
55 99 1
73 92 1
27 39 2
49 69 2
32 87 1
82 87 2
19 89 1
96 99 1
37 62 2
91 92 2
89 96 1
74 78 2
76 90 1
83 92 1
100 100 1
39 98 1
38 56 2
57 100 1
2 100 2
48 81 1
35 61 2
19 80 2
75 76 1
56 83 1
24 83 2
9 53 1
40 81 2
51 85 1
82 100 2
11 31 1
88 90 1
22 73 2
6 61 2
39 59 2
96 100 2
99 99 1
25 92 1
79 79 2
75 90 1
2 88 2
75 80 2
53 71 2
46 66 1
7 84 2
42 45 2
91 100 2
54 59 1
14 68 2
53 69 1
34 74 2
99 99 2
39 93 1
24 42 1
99 99 1
44 95 2
99 100 2
12 53 1
21 93 2
4 78 2
37 67 1
42 53 1
87 89 2
71 96 1
41 86 1
61 89 2
23 45 1
12 30 1
47 59 1
16 44 2
50 73 2
71 85 1
67 98 1
40 73 2
76 84 1
80 86 1
34 35 1
76 96 1
93 100 1
27 38 2
73 88 1
1 76 2
81 84 2
10 79 1
72 79 1
100 100 1
99 99 1
41 45 1
90 97 2
31 80 2
99 99 2
79 97 2
16 41 2
52 55 1
28 38 1
19 26 1
31 58 2
51 87 1
67 84 1
57 79 1
59 93 1
56 86 1
60 62 2
93 93 2
71 79 2
13 57 2
16 44 2
8 19 1
88 91 1
2 52 2
80 93 2
24 37 1
34 93 2
47 65 2
97 98 2
18 60 2
2 58 1
91 100 2
78 97 1
42 68 2
70 98 1
42 64 1
83 83 1
19 19 2
89 97 2
94 95 2
67 68 2
32 66 1
48 82 2
5 71 2
79 97 2
95 97 2
83 95 1
29 76 1
7 11 1
100 100 2
54 57 1
87 94 1
15 78 1
4 60 2
7 13 1
39 94 1
36 41 1
11 75 2
71 94 1
40 74 2
70 81 1
78 88 1
9 58 1
9 60 1
60 71 1
28 62 2
37 86 1
84 90 1
50 89 1
31 85 2
60 83 2
50 78 2
56 94 2
79 86 2
43 60 2
83 85 2
71 82 2
84 99 1
35 89 1
88 93 2
91 92 1
14 49 1
10 56 2
75 96 1
45 59 1
10 52 2
71 89 2
15 100 1
44 78 1
62 78 2
92 96 1
62 85 1
26 57 2
79 79 1
68 81 2
96 98 2
49 98 2
24 41 1
24 99 1
76 89 2
48 52 1
33 84 2
14 84 1
57 83 2
53 90 1
13 66 1
70 95 2
26 83 1
9 81 1
78 89 1
42 77 1
50 96 1
35 51 1
19 67 2
33 33 1
26 56 1
61 80 2
73 99 1
45 47 1
50 100 2
54 74 2
31 40 1
64 72 1
52 59 2
95 99 2
42 84 2
19 62 1
76 94 1
50 69 2
98 98 1
23 39 1
44 92 1
1 15 1
15 70 2
42 93 1
70 70 2
29 63 2
84 86 1
56 89 1
93 95 1
45 78 2
75 88 2
46 76 1
65 71 2
99 100 1
78 100 1
75 87 2
7 28 2
39 87 2
79 92 1
12 76 2
80 88 1
34 73 2
17 55 2
2 47 1
70 94 1
52 93 1
12 42 1
81 88 1
71 77 1
37 99 2
38 78 1
39 67 2
73 81 1
19 82 1
100 100 2
26 52 1
23 34 2
29 36 2
18 26 1
22 49 2
11 55 2
29 46 2
10 37 1
53 78 1
88 94 1
9 60 1
87 95 2
14 61 1
62 84 1
31 72 2
78 96 2
25 35 2
17 24 2
83 83 2
63 69 1
9 75 1
75 75 1
76 82 2
2 21 1
84 89 2
98 99 2
63 78 2
52 63 1
50 55 2
45 82 2
11 100 1
23 54 2
83 86 1
78 78 2
96 98 1
86 90 1
74 100 2
80 98 2
7 24 1
48 81 1
38 49 1
83 87 2
13 44 2
62 67 2
50 84 1
97 99 2
71 89 1
49 93 1
31 62 2
93 94 2
57 84 1
26 32 2
74 74 1
21 83 1
23 99 2
76 87 1
65 82 2
45 66 1
67 75 2
35 77 1
35 50 2
70 96 1
35 43 2
84 85 1
16 45 1
56 80 1
28 45 2
88 96 1
9 53 2
54 72 1
100 100 1
45 77 2
98 99 2
13 15 2
88 96 1
49 65 1
40 66 1
29 43 2
28 64 1
55 100 1
51 78 2
71 81 1
93 93 2
25 35 1
78 88 2
44 71 2
5 75 2
83 88 1
90 100 1
67 99 1
59 99 2
40 81 1
35 38 1
55 64 1
41 78 2
8 41 2
40 46 1
63 80 2
81 83 2
96 99 2
99 99 2
4 35 2
9 54 2
73 91 2
69 82 2
30 73 2
94 96 2
45 98 1
35 52 1
23 84 2
95 95 1
90 93 1
15 45 2
26 33 2
53 57 2
59 69 2
83 83 2
71 98 2
29 86 1
53 92 1
82 83 2
57 66 1
81 91 2
69 71 2
47 97 2
22 54 1
49 78 1
57 64 2
58 60 2
95 99 2
21 24 2
41 46 1
45 49 2
72 97 2
10 60 2
8 11 2
83 91 1
57 66 1
31 98 1
18 76 1
81 86 2
78 97 2
85 92 2
36 93 1
37 72 1
86 90 1
36 98 2
18 26 1
84 96 2
66 72 1
74 91 1
77 82 2
81 87 1
74 98 1
73 98 1
39 81 2
15 24 2
82 98 1
73 93 2
77 77 2
48 70 1
48 91 1
95 98 2
7 20 1
44 67 1
92 94 2
21 63 1
96 96 1
54 78 2
3 76 2
58 73 2
32 64 2
23 26 2
61 89 1
6 25 1
80 100 2
49 64 2
24 98 2
8 98 1
59 61 1
58 78 1
48 75 1
61 66 2
40 43 1
99 99 1
95 98 2
94 100 1
14 100 2
49 53 1
76 100 2
67 85 2
98 100 1
91 100 2
72 97 1
18 70 1
45 80 2
40 90 2
40 82 2
98 99 2
29 45 1
95 97 1
56 94 2
48 69 2
97 99 1
59 99 2
78 96 2
89 97 2
96 99 2
35 48 1
98 98 2
99 100 2
79 86 1
54 90 1
3 38 2
70 87 1
76 86 2
55 66 2
28 90 2
54 76 2
56 60 2
85 99 1
71 77 2
16 59 2
71 79 1
71 77 1
64 70 2
5 71 2
46 99 1
82 83 2
55 79 1
58 80 1
69 80 1
49 97 2
17 38 2
28 95 1
10 92 1
28 43 1
99 100 1
38 60 2
46 94 1
19 89 1
71 94 1
38 70 2
3 31 1
20 98 2
17 64 1
14 43 2
20 59 1
13 61 1
87 88 2
68 76 2
62 80 1
40 93 2
42 99 2
99 99 1
94 100 2
53 95 1
92 100 1
51 80 2
62 78 2
45 68 1
8 8 1
67 89 2
46 95 2
29 65 1
71 71 1
43 61 1
51 85 1
24 31 1
49 78 2
24 86 2
25 32 2
22 65 2
48 90 2
6 51 2
49 90 2
40 87 2
65 80 2
7 29 1
100 100 2
38 91 2
99 99 2
15 26 1
57 94 2
14 94 1
27 29 1
51 74 2
20 73 2
51 95 2
91 99 2
67 99 2
89 92 1
26 57 2
12 28 1
65 84 2
72 90 2
8 82 2
30 73 2
29 45 1
73 73 2
71 88 2
19 43 1
94 97 2
22 68 2
24 58 2
98 99 1
2 16 1
37 43 1
38 51 1
9 32 1
45 82 2
35 66 2
89 98 1
22 99 1
46 62 1
76 81 2
10 68 1
43 53 1
36 64 1
80 91 1
62 98 2
50 98 2